4120.208024
4120.170381
4120.160115
4120.161826
4120.196047
4120.095096
4120.170381
4120.180647
4120.151560
4120.107073
4120.288443
4120.259356
4120.254222
4120.136161
4120.076275
4120.208024
4120.175514
4120.257644
4120.314109
4120.178936
4120.201180
4120.132738
4120.298710
4120.206313
4120.218290
4120.216579
4120.209735
4120.245667
4120.184070
4120.237112
4120.201180
4120.223424
4120.190914
4120.247378
4120.194336
4120.175514
4120.124183
4120.267911
4120.173803
4120.283310
4120.259356
4120.259356
4120.149849
4120.199469
4120.242245
4120.213157
4120.254222
4120.125894
4120.196047
4120.336353
4120.204602
4120.221712
4120.177225
4120.226846
4120.233690
4120.259356
4120.233690
4120.141294
4120.178936
4120.168670
4120.226846
4120.247378
4120.307265
4120.197758
4120.266200
4120.178936
4120.196047
4120.300421
4120.238823
4120.185781
4120.223424
4120.231979
4120.308976
4120.231979
4120.252511
4120.382552
4120.291866
4120.160115
4120.290154
4120.175514
4120.228557
4120.216579
4120.216579
4120.276466
4120.259356
4120.267911
4120.230268
4120.196047
4120.160115
4120.279888
4120.252511
4120.218290
4120.271333
4120.295288
4120.189203
4120.209735
4120.196047
4120.220001
4120.220001
4120.247378
4120.201180
4120.237112
4120.296999
4120.190914
4120.197758
4120.125894
4120.324376
4120.310687
4120.249089
4120.250800
4120.237112
4120.281599
4120.278177
4120.261067
4120.262778
4120.226846
4120.341486
4120.199469
4120.220001
4120.243956
4120.144716
4120.279888
4120.240534
4120.257644
4120.218290
4120.245667
4120.339775
4120.267911
4120.218290
4120.211446
4120.322665
4120.339775
4120.276466
4120.279888
4120.269622
4120.228557
4120.185781
4120.291866
4120.204602
4120.298710
4120.276466
4120.249089
4120.267911
4120.218290
4120.319242
4120.240534
4120.327798
4120.324376
4120.324376
4120.271333
4120.273044
4120.305554
4120.255933
4120.231979
4120.223424
4120.307265
4120.225135
4120.242245
4120.196047
4120.262778
4120.295288
4120.213157
4120.279888
4120.331220
4120.242245
4120.172092
4120.308976
4120.190914
4120.305554
4120.213157
4120.187492
4120.221712
4120.298710
4120.228557
4120.252511
4120.245667
